554.369 163.897
520.323 176.470
223.503 178.626
539.106 253.656
562.979 303.278
558.897 309.487
605.067 351.343
516.435 167.624
594.044 236.724
545.960 253.500
499.797 255.359
498.519 271.955
559.816 298.498
527.842 301.539
340.509 344.908
222.583 347.020
258.944 369.477
452.995 371.254
272.860 513.071
566.437 126.101
397.421 151.064
558.371 170.999
272.644 191.097
504.748 199.027
431.022 215.685
418.886 217.739
432.030 219.926
275.598 228.026
399.811 227.902
550.094 232.230
278.271 233.080
527.061 238.432
516.353 240.944
495.216 246.068
507.809 248.087
543.256 247.100
524.625 250.908
495.641 252.181
556.045 252.201
595.109 254.078
476.207 258.978
512.122 260.304
591.976 262.966
473.397 264.076
488.073 265.995
508.213 267.173
559.039 268.740
499.125 268.801
453.699 270.821
493.227 270.901
409.107 275.189
455.203 275.473
590.491 277.524
403.004 279.953
611.191 283.000
586.767 283.551
589.378 291.608
278.236 293.673
582.851 293.808
475.071 303.086
406.567 306.098
463.731 306.329
281.432 314.966
595.629 316.679
479.542 317.811
270.966 318.773
402.313 318.885
555.947 322.307
463.333 322.805
478.711 327.013
514.886 327.748
473.643 329.291
430.249 336.058
513.867 341.379
525.858 340.904
495.458 348.933
213.850 350.007
297.908 354.890
402.341 355.499
485.484 356.698
432.941 359.562
230.329 368.670
370.119 373.635
444.052 373.672
616.341 375.976
189.334 381.383
409.919 380.705
300.385 387.401
386.424 388.799
376.998 391.971
521.521 394.604
323.166 412.030
301.340 418.757
221.892 444.079
198.452 450.737
394.430 154.209
413.251 168.130
406.158 168.961
588.229 191.014
511.361 197.788
437.291 220.108
426.923 220.469
605.651 225.214
283.030 229.838
601.205 231.155
593.174 240.920
604.243 248.788
472.042 251.304
445.508 258.145
493.158 258.051
459.097 260.362
459.986 264.851
466.881 266.160
449.740 267.906
593.738 267.897
477.662 268.967
517.381 270.996
412.783 271.838
450.263 282.242
592.454 282.277
441.817 288.415
451.804 292.899
586.338 292.823
560.201 293.927
372.936 298.322
425.132 299.377
144.636 300.475
140.011 300.814
480.010 301.519
318.077 303.093
471.686 303.493
312.022 304.003
358.014 303.825
607.512 303.926
456.568 311.047
512.168 313.287
474.226 313.674
312.381 314.678
586.919 315.918
470.844 319.860
452.070 321.413
274.130 321.923
308.361 321.858
389.634 322.961
448.754 323.086
510.982 326.180
289.023 327.980
449.736 329.936
303.323 330.686
253.653 336.122
439.651 339.146
296.708 339.645
443.864 339.631
698.021 341.607
389.901 343.917
448.829 345.341
309.077 350.995
428.508 352.097
481.187 358.156
200.756 360.725
206.810 363.760
298.816 367.764
315.807 368.983
310.424 369.986
307.063 370.728
592.624 372.803
213.409 374.524
237.242 381.029
316.255 381.803
311.103 384.191
260.009 386.855
347.396 391.000
264.367 414.756
273.549 418.829
286.761 423.046
255.073 424.440
447.396 427.586
256.829 430.928
657.708 458.822
251.586 494.888
108.932 529.806
421.907 529.506
568.280 78.036
568.694 123.108
584.336 138.339
400.932 150.637
363.247 153.491
549.002 165.490
539.845 166.437
540.917 172.858
523.912 174.809
276.245 190.770
614.460 221.649
416.990 223.868
575.472 245.148
456.202 255.348
499.347 260.254
532.337 263.612
432.158 264.892
594.341 264.954
587.940 268.896
392.231 271.263
545.856 275.719
540.627 279.112
532.127 280.043
429.232 280.986
489.420 281.224
411.121 282.298
363.387 283.099
327.703 284.703
594.569 293.715
361.720 298.811
376.633 299.904
329.514 301.742
199.410 305.327
193.175 306.245
607.227 310.234
453.120 310.717
300.077 312.083
542.560 313.532
328.742 314.970
435.379 316.615
463.398 316.481
297.890 319.099
501.637 318.435
280.032 320.418
447.978 319.933
462.749 319.595
553.937 320.737
508.394 322.364
284.034 322.838
298.061 323.958
275.920 326.170
285.510 325.630
265.936 332.072
402.214 334.301
374.969 334.952
308.727 336.115
386.904 338.820
279.987 339.563
277.038 342.325
246.663 343.819
430.640 344.315
634.233 345.174
314.928 349.713
305.972 351.758
513.323 352.018
340.722 355.107
446.548 358.103
375.844 358.848
167.233 360.982
251.312 360.986
192.289 363.665
309.854 364.537
303.708 366.028
339.523 365.785
576.864 367.716
556.270 368.966
59.547 372.902
168.387 373.684
346.580 379.093
15.856 382.506
39.601 381.344
366.035 384.891
250.167 389.162
521.806 391.362
231.290 391.795
15.445 394.461
368.815 393.420
229.695 395.221
249.948 394.665
645.039 396.298
475.312 400.395
179.861 403.126
511.877 405.186
636.804 405.342
175.003 414.103
250.920 417.772
288.355 419.520
176.823 421.802
416.271 423.069
291.640 424.321
26.028 427.647
655.200 430.645
735.251 431.219
178.713 433.214
185.003 452.987
649.838 459.461
695.760 474.955
304.646 480.672
439.107 483.887
665.089 489.945
644.653 494.798
225.451 500.528
195.490 503.088
187.097 506.298
299.097 531.645
113.320 543.688